Bridge to loop:

average: 39.842464
stdev: 2.649962
stderr: 0.000000

Loop to bridge:

average: 80.975464
stdev: 3.987163
stderr: 0.000000
