Bridge to loop:

average: 38.248703
stdev: 2.154768
stderr: 0.000000

Loop to bridge:

average: 68.135681
stdev: 3.820514
stderr: 0.000000
